# vvv 'OP02_dat.txt' vvvvvvvvvvvvvvvvvvvvvvvv
 param T1 := 100;
 param T2 := 101;

 param w_1 := 
   1  0.666667
   2  0.686656
   3  0.706219
   4  0.725357
   5  0.744069
   6  0.762355
   7  0.780214
   8  0.797648
   9  0.814655
   10  0.831236
   11  0.847391
   12  0.863119
   13  0.87842
   14  0.893295
   15  0.907742
   16  0.921763
   17  0.935357
   18  0.948523
   19  0.961263
   20  0.973575
   21  0.985459
   22  0.996916
   23  1.00795
   24  1.01855
   25  1.02872
   26  1.03847
   27  1.04778
   28  1.05667
   29  1.06513
   30  1.07317
   31  1.08077
   32  1.08795
   33  1.09469
   34  1.10101
   35  1.1069
   36  1.11236
   37  1.11739
   38  1.12199
   39  1.12616
   40  1.1299
   41  1.13322
   42  1.1361
   43  1.13855
   44  1.14057
   45  1.14217
   46  1.14333
   47  1.14406
   48  1.14436
   49  1.14423
   50  1.14367
   51  1.14268
   52  1.14126
   53  1.1394
   54  1.13712
   55  1.1344
   56  1.13125
   57  1.12767
   58  1.12366
   59  1.11922
   60  1.11434
   61  1.10904
   62  1.10329
   63  1.09712
   64  1.09052
   65  1.08348
   66  1.07601
   67  1.0681
   68  1.05976
   69  1.05099
   70  1.04179
   71  1.03215
   72  1.02207
   73  1.01157
   74  1.00063
   75  0.989251
   76  0.977441
   77  0.965196
   78  0.952517
   79  0.939402
   80  0.925853
   81  0.911868
   82  0.897447
   83  0.882591
   84  0.8673
   85  0.851572
   86  0.835408
   87  0.818808
   88  0.801771
   89  0.784297
   90  0.766387
   91  0.74804
   92  0.729255
   93  0.710033
   94  0.690374
   95  0.670277
   96  0.649742
   97  0.628769
   98  0.607357
   99  0.585507
   100  0.563218
 ;

 param w_2 := 
   1  0.666667
   2  0.686467
   3  0.705867
   4  0.724867
   5  0.743467
   6  0.761667
   7  0.779467
   8  0.796867
   9  0.813867
   10  0.830467
   11  0.846667
   12  0.862467
   13  0.877867
   14  0.892867
   15  0.907467
   16  0.921667
   17  0.935467
   18  0.948867
   19  0.961867
   20  0.974467
   21  0.986667
   22  0.998467
   23  1.00987
   24  1.02087
   25  1.03147
   26  1.04167
   27  1.05147
   28  1.06087
   29  1.06987
   30  1.07847
   31  1.08667
   32  1.09447
   33  1.10187
   34  1.10887
   35  1.11547
   36  1.12167
   37  1.12747
   38  1.13287
   39  1.13787
   40  1.14247
   41  1.14667
   42  1.15047
   43  1.15387
   44  1.15687
   45  1.15947
   46  1.16167
   47  1.16347
   48  1.16487
   49  1.16587
   50  1.16647
   51  1.16667
   52  1.16647
   53  1.16587
   54  1.16487
   55  1.16347
   56  1.16167
   57  1.15947
   58  1.15687
   59  1.15387
   60  1.15047
   61  1.14667
   62  1.14247
   63  1.13787
   64  1.13287
   65  1.12747
   66  1.12167
   67  1.11547
   68  1.10887
   69  1.10187
   70  1.09447
   71  1.08667
   72  1.07847
   73  1.06987
   74  1.06087
   75  1.05147
   76  1.04167
   77  1.03147
   78  1.02087
   79  1.00987
   80  0.998467
   81  0.986667
   82  0.974467
   83  0.961867
   84  0.948867
   85  0.935467
   86  0.921667
   87  0.907467
   88  0.892867
   89  0.877867
   90  0.862467
   91  0.846667
   92  0.830467
   93  0.813867
   94  0.796867
   95  0.779467
   96  0.761667
   97  0.743467
   98  0.724867
   99  0.705867
   100  0.686467
   101  0.666667
 ;

 param f_1 := 
   1  0.01
   2  0.01
   3  0.01
   4  0.01
   5  0.01
   6  0.01
   7  0.01
   8  0.01
   9  0.01
   10  0.01
   11  0.01
   12  0.01
   13  0.01
   14  0.01
   15  0.01
   16  0.01
   17  0.01
   18  0.01
   19  0.01
   20  0.01
   21  0.01
   22  0.01
   23  0.01
   24  0.01
   25  0.01
   26  0.01
   27  0.01
   28  0.01
   29  0.01
   30  0.01
   31  0.01
   32  0.01
   33  0.01
   34  0.01
   35  0.01
   36  0.01
   37  0.01
   38  0.01
   39  0.01
   40  0.01
   41  0.01
   42  0.01
   43  0.01
   44  0.01
   45  0.01
   46  0.01
   47  0.01
   48  0.01
   49  0.01
   50  0.01
   51  0.01
   52  0.01
   53  0.01
   54  0.01
   55  0.01
   56  0.01
   57  0.01
   58  0.01
   59  0.01
   60  0.01
   61  0.01
   62  0.01
   63  0.01
   64  0.01
   65  0.01
   66  0.01
   67  0.01
   68  0.01
   69  0.01
   70  0.01
   71  0.01
   72  0.01
   73  0.01
   74  0.01
   75  0.01
   76  0.01
   77  0.01
   78  0.01
   79  0.01
   80  0.01
   81  0.01
   82  0.01
   83  0.01
   84  0.01
   85  0.01
   86  0.01
   87  0.01
   88  0.01
   89  0.01
   90  0.01
   91  0.01
   92  0.01
   93  0.01
   94  0.01
   95  0.01
   96  0.01
   97  0.01
   98  0.01
   99  0.01
   100  0.01
 ;

 param f_2 := 
   1  0.00990099
   2  0.00990099
   3  0.00990099
   4  0.00990099
   5  0.00990099
   6  0.00990099
   7  0.00990099
   8  0.00990099
   9  0.00990099
   10  0.00990099
   11  0.00990099
   12  0.00990099
   13  0.00990099
   14  0.00990099
   15  0.00990099
   16  0.00990099
   17  0.00990099
   18  0.00990099
   19  0.00990099
   20  0.00990099
   21  0.00990099
   22  0.00990099
   23  0.00990099
   24  0.00990099
   25  0.00990099
   26  0.00990099
   27  0.00990099
   28  0.00990099
   29  0.00990099
   30  0.00990099
   31  0.00990099
   32  0.00990099
   33  0.00990099
   34  0.00990099
   35  0.00990099
   36  0.00990099
   37  0.00990099
   38  0.00990099
   39  0.00990099
   40  0.00990099
   41  0.00990099
   42  0.00990099
   43  0.00990099
   44  0.00990099
   45  0.00990099
   46  0.00990099
   47  0.00990099
   48  0.00990099
   49  0.00990099
   50  0.00990099
   51  0.00990099
   52  0.00990099
   53  0.00990099
   54  0.00990099
   55  0.00990099
   56  0.00990099
   57  0.00990099
   58  0.00990099
   59  0.00990099
   60  0.00990099
   61  0.00990099
   62  0.00990099
   63  0.00990099
   64  0.00990099
   65  0.00990099
   66  0.00990099
   67  0.00990099
   68  0.00990099
   69  0.00990099
   70  0.00990099
   71  0.00990099
   72  0.00990099
   73  0.00990099
   74  0.00990099
   75  0.00990099
   76  0.00990099
   77  0.00990099
   78  0.00990099
   79  0.00990099
   80  0.00990099
   81  0.00990099
   82  0.00990099
   83  0.00990099
   84  0.00990099
   85  0.00990099
   86  0.00990099
   87  0.00990099
   88  0.00990099
   89  0.00990099
   90  0.00990099
   91  0.00990099
   92  0.00990099
   93  0.00990099
   94  0.00990099
   95  0.00990099
   96  0.00990099
   97  0.00990099
   98  0.00990099
   99  0.00990099
   100  0.00990099
   101  0.00990099
 ;

# ^^^ 'OP02_dat.txt' file ^^^^^^^^^^^^^^^^^^^^^^^^^^^

