# vvv 'OP02_dat.txt' vvvvvvvvvvvvvvvvvvvvvvvv
 param T1 := 100;
 param T2 := 101;

 param w_1 := 
   1  0.666667
   2  0.686683
   3  0.706329
   4  0.725604
   5  0.744508
   6  0.763039
   7  0.781198
   8  0.798984
   9  0.816397
   10  0.833437
   11  0.850102
   12  0.866393
   13  0.88231
   14  0.897852
   15  0.913018
   16  0.927809
   17  0.942223
   18  0.956261
   19  0.969923
   20  0.983207
   21  0.996114
   22  1.00864
   23  1.0208
   24  1.03257
   25  1.04396
   26  1.05498
   27  1.06561
   28  1.07587
   29  1.08575
   30  1.09525
   31  1.10436
   32  1.1131
   33  1.12145
   34  1.12943
   35  1.13702
   36  1.14423
   37  1.15106
   38  1.1575
   39  1.16357
   40  1.16925
   41  1.17455
   42  1.17946
   43  1.18399
   44  1.18814
   45  1.1919
   46  1.19528
   47  1.19828
   48  1.20089
   49  1.20311
   50  1.20495
   51  1.20641
   52  1.20748
   53  1.20816
   54  1.20846
   55  1.20837
   56  1.2079
   57  1.20703
   58  1.20579
   59  1.20415
   60  1.20213
   61  1.19972
   62  1.19692
   63  1.19374
   64  1.19017
   65  1.1862
   66  1.18186
   67  1.17712
   68  1.17199
   69  1.16648
   70  1.16057
   71  1.15428
   72  1.1476
   73  1.14053
   74  1.13306
   75  1.12521
   76  1.11697
   77  1.10834
   78  1.09932
   79  1.08991
   80  1.0801
   81  1.06991
   82  1.05932
   83  1.04835
   84  1.03698
   85  1.02522
   86  1.01308
   87  1.00053
   88  0.987601
   89  0.974277
   90  0.96056
   91  0.946451
   92  0.93195
   93  0.917056
   94  0.90177
   95  0.886091
   96  0.870019
   97  0.853555
   98  0.836697
   99  0.819446
   100  0.801802
 ;

 param w_2 := 
   1  0.666667
   2  0.686467
   3  0.705867
   4  0.724867
   5  0.743467
   6  0.761667
   7  0.779467
   8  0.796867
   9  0.813867
   10  0.830467
   11  0.846667
   12  0.862467
   13  0.877867
   14  0.892867
   15  0.907467
   16  0.921667
   17  0.935467
   18  0.948867
   19  0.961867
   20  0.974467
   21  0.986667
   22  0.998467
   23  1.00987
   24  1.02087
   25  1.03147
   26  1.04167
   27  1.05147
   28  1.06087
   29  1.06987
   30  1.07847
   31  1.08667
   32  1.09447
   33  1.10187
   34  1.10887
   35  1.11547
   36  1.12167
   37  1.12747
   38  1.13287
   39  1.13787
   40  1.14247
   41  1.14667
   42  1.15047
   43  1.15387
   44  1.15687
   45  1.15947
   46  1.16167
   47  1.16347
   48  1.16487
   49  1.16587
   50  1.16647
   51  1.16667
   52  1.16647
   53  1.16587
   54  1.16487
   55  1.16347
   56  1.16167
   57  1.15947
   58  1.15687
   59  1.15387
   60  1.15047
   61  1.14667
   62  1.14247
   63  1.13787
   64  1.13287
   65  1.12747
   66  1.12167
   67  1.11547
   68  1.10887
   69  1.10187
   70  1.09447
   71  1.08667
   72  1.07847
   73  1.06987
   74  1.06087
   75  1.05147
   76  1.04167
   77  1.03147
   78  1.02087
   79  1.00987
   80  0.998467
   81  0.986667
   82  0.974467
   83  0.961867
   84  0.948867
   85  0.935467
   86  0.921667
   87  0.907467
   88  0.892867
   89  0.877867
   90  0.862467
   91  0.846667
   92  0.830467
   93  0.813867
   94  0.796867
   95  0.779467
   96  0.761667
   97  0.743467
   98  0.724867
   99  0.705867
   100  0.686467
   101  0.666667
 ;

 param f_1 := 
   1  0.01
   2  0.01
   3  0.01
   4  0.01
   5  0.01
   6  0.01
   7  0.01
   8  0.01
   9  0.01
   10  0.01
   11  0.01
   12  0.01
   13  0.01
   14  0.01
   15  0.01
   16  0.01
   17  0.01
   18  0.01
   19  0.01
   20  0.01
   21  0.01
   22  0.01
   23  0.01
   24  0.01
   25  0.01
   26  0.01
   27  0.01
   28  0.01
   29  0.01
   30  0.01
   31  0.01
   32  0.01
   33  0.01
   34  0.01
   35  0.01
   36  0.01
   37  0.01
   38  0.01
   39  0.01
   40  0.01
   41  0.01
   42  0.01
   43  0.01
   44  0.01
   45  0.01
   46  0.01
   47  0.01
   48  0.01
   49  0.01
   50  0.01
   51  0.01
   52  0.01
   53  0.01
   54  0.01
   55  0.01
   56  0.01
   57  0.01
   58  0.01
   59  0.01
   60  0.01
   61  0.01
   62  0.01
   63  0.01
   64  0.01
   65  0.01
   66  0.01
   67  0.01
   68  0.01
   69  0.01
   70  0.01
   71  0.01
   72  0.01
   73  0.01
   74  0.01
   75  0.01
   76  0.01
   77  0.01
   78  0.01
   79  0.01
   80  0.01
   81  0.01
   82  0.01
   83  0.01
   84  0.01
   85  0.01
   86  0.01
   87  0.01
   88  0.01
   89  0.01
   90  0.01
   91  0.01
   92  0.01
   93  0.01
   94  0.01
   95  0.01
   96  0.01
   97  0.01
   98  0.01
   99  0.01
   100  0.01
 ;

 param f_2 := 
   1  0.00990099
   2  0.00990099
   3  0.00990099
   4  0.00990099
   5  0.00990099
   6  0.00990099
   7  0.00990099
   8  0.00990099
   9  0.00990099
   10  0.00990099
   11  0.00990099
   12  0.00990099
   13  0.00990099
   14  0.00990099
   15  0.00990099
   16  0.00990099
   17  0.00990099
   18  0.00990099
   19  0.00990099
   20  0.00990099
   21  0.00990099
   22  0.00990099
   23  0.00990099
   24  0.00990099
   25  0.00990099
   26  0.00990099
   27  0.00990099
   28  0.00990099
   29  0.00990099
   30  0.00990099
   31  0.00990099
   32  0.00990099
   33  0.00990099
   34  0.00990099
   35  0.00990099
   36  0.00990099
   37  0.00990099
   38  0.00990099
   39  0.00990099
   40  0.00990099
   41  0.00990099
   42  0.00990099
   43  0.00990099
   44  0.00990099
   45  0.00990099
   46  0.00990099
   47  0.00990099
   48  0.00990099
   49  0.00990099
   50  0.00990099
   51  0.00990099
   52  0.00990099
   53  0.00990099
   54  0.00990099
   55  0.00990099
   56  0.00990099
   57  0.00990099
   58  0.00990099
   59  0.00990099
   60  0.00990099
   61  0.00990099
   62  0.00990099
   63  0.00990099
   64  0.00990099
   65  0.00990099
   66  0.00990099
   67  0.00990099
   68  0.00990099
   69  0.00990099
   70  0.00990099
   71  0.00990099
   72  0.00990099
   73  0.00990099
   74  0.00990099
   75  0.00990099
   76  0.00990099
   77  0.00990099
   78  0.00990099
   79  0.00990099
   80  0.00990099
   81  0.00990099
   82  0.00990099
   83  0.00990099
   84  0.00990099
   85  0.00990099
   86  0.00990099
   87  0.00990099
   88  0.00990099
   89  0.00990099
   90  0.00990099
   91  0.00990099
   92  0.00990099
   93  0.00990099
   94  0.00990099
   95  0.00990099
   96  0.00990099
   97  0.00990099
   98  0.00990099
   99  0.00990099
   100  0.00990099
   101  0.00990099
 ;

# ^^^ 'OP02_dat.txt' file ^^^^^^^^^^^^^^^^^^^^^^^^^^^

