# vvv 'OP02_dat.txt' vvvvvvvvvvvvvvvvvvvvvvvv
 param T1 := 100;
 param T2 := 101;

 param w_1 := 
   1  0.666667
   2  0.686665
   3  0.706254
   4  0.725436
   5  0.74421
   6  0.762575
   7  0.780533
   8  0.798082
   9  0.815223
   10  0.831956
   11  0.848281
   12  0.864198
   13  0.879706
   14  0.894807
   15  0.909499
   16  0.923783
   17  0.937659
   18  0.951127
   19  0.964187
   20  0.976839
   21  0.989083
   22  1.00092
   23  1.01235
   24  1.02336
   25  1.03398
   26  1.04418
   27  1.05397
   28  1.06336
   29  1.07234
   30  1.08091
   31  1.08907
   32  1.09683
   33  1.10417
   34  1.11111
   35  1.11764
   36  1.12376
   37  1.12948
   38  1.13478
   39  1.13968
   40  1.14417
   41  1.14825
   42  1.15192
   43  1.15519
   44  1.15805
   45  1.16049
   46  1.16253
   47  1.16417
   48  1.16539
   49  1.16621
   50  1.16662
   51  1.16662
   52  1.16621
   53  1.16539
   54  1.16417
   55  1.16253
   56  1.16049
   57  1.15805
   58  1.15519
   59  1.15192
   60  1.14825
   61  1.14417
   62  1.13968
   63  1.13478
   64  1.12948
   65  1.12376
   66  1.11764
   67  1.11111
   68  1.10417
   69  1.09683
   70  1.08907
   71  1.08091
   72  1.07234
   73  1.06336
   74  1.05397
   75  1.04418
   76  1.03398
   77  1.02336
   78  1.01235
   79  1.00092
   80  0.989083
   81  0.976839
   82  0.964187
   83  0.951127
   84  0.937659
   85  0.923783
   86  0.909499
   87  0.894807
   88  0.879706
   89  0.864198
   90  0.848281
   91  0.831956
   92  0.815223
   93  0.798082
   94  0.780533
   95  0.762575
   96  0.74421
   97  0.725436
   98  0.706254
   99  0.686665
   100  0.666667
 ;

 param w_2 := 
   1  0.266667
   2  0.298407
   3  0.329627
   4  0.360327
   5  0.390507
   6  0.420167
   7  0.449307
   8  0.477927
   9  0.506027
   10  0.533607
   11  0.560667
   12  0.587207
   13  0.613227
   14  0.638727
   15  0.663707
   16  0.688167
   17  0.712107
   18  0.735527
   19  0.758427
   20  0.780807
   21  0.802667
   22  0.824007
   23  0.844827
   24  0.865127
   25  0.884907
   26  0.904167
   27  0.922907
   28  0.941127
   29  0.958827
   30  0.976007
   31  0.992667
   32  1.00881
   33  1.02443
   34  1.03953
   35  1.05411
   36  1.06817
   37  1.08171
   38  1.09473
   39  1.10723
   40  1.11921
   41  1.13067
   42  1.14161
   43  1.15203
   44  1.16193
   45  1.17131
   46  1.18017
   47  1.18851
   48  1.19633
   49  1.20363
   50  1.21041
   51  1.21667
   52  1.22241
   53  1.22763
   54  1.23233
   55  1.23651
   56  1.24017
   57  1.24331
   58  1.24593
   59  1.24803
   60  1.24961
   61  1.25067
   62  1.25121
   63  1.25123
   64  1.25073
   65  1.24971
   66  1.24817
   67  1.24611
   68  1.24353
   69  1.24043
   70  1.23681
   71  1.23267
   72  1.22801
   73  1.22283
   74  1.21713
   75  1.21091
   76  1.20417
   77  1.19691
   78  1.18913
   79  1.18083
   80  1.17201
   81  1.16267
   82  1.15281
   83  1.14243
   84  1.13153
   85  1.12011
   86  1.10817
   87  1.09571
   88  1.08273
   89  1.06923
   90  1.05521
   91  1.04067
   92  1.02561
   93  1.01003
   94  0.993927
   95  0.977307
   96  0.960167
   97  0.942507
   98  0.924327
   99  0.905627
   100  0.886407
   101  0.866667
 ;

 param f_1 := 
   1  0.01
   2  0.01
   3  0.01
   4  0.01
   5  0.01
   6  0.01
   7  0.01
   8  0.01
   9  0.01
   10  0.01
   11  0.01
   12  0.01
   13  0.01
   14  0.01
   15  0.01
   16  0.01
   17  0.01
   18  0.01
   19  0.01
   20  0.01
   21  0.01
   22  0.01
   23  0.01
   24  0.01
   25  0.01
   26  0.01
   27  0.01
   28  0.01
   29  0.01
   30  0.01
   31  0.01
   32  0.01
   33  0.01
   34  0.01
   35  0.01
   36  0.01
   37  0.01
   38  0.01
   39  0.01
   40  0.01
   41  0.01
   42  0.01
   43  0.01
   44  0.01
   45  0.01
   46  0.01
   47  0.01
   48  0.01
   49  0.01
   50  0.01
   51  0.01
   52  0.01
   53  0.01
   54  0.01
   55  0.01
   56  0.01
   57  0.01
   58  0.01
   59  0.01
   60  0.01
   61  0.01
   62  0.01
   63  0.01
   64  0.01
   65  0.01
   66  0.01
   67  0.01
   68  0.01
   69  0.01
   70  0.01
   71  0.01
   72  0.01
   73  0.01
   74  0.01
   75  0.01
   76  0.01
   77  0.01
   78  0.01
   79  0.01
   80  0.01
   81  0.01
   82  0.01
   83  0.01
   84  0.01
   85  0.01
   86  0.01
   87  0.01
   88  0.01
   89  0.01
   90  0.01
   91  0.01
   92  0.01
   93  0.01
   94  0.01
   95  0.01
   96  0.01
   97  0.01
   98  0.01
   99  0.01
   100  0.01
 ;

 param f_2 := 
   1  0.00990099
   2  0.00990099
   3  0.00990099
   4  0.00990099
   5  0.00990099
   6  0.00990099
   7  0.00990099
   8  0.00990099
   9  0.00990099
   10  0.00990099
   11  0.00990099
   12  0.00990099
   13  0.00990099
   14  0.00990099
   15  0.00990099
   16  0.00990099
   17  0.00990099
   18  0.00990099
   19  0.00990099
   20  0.00990099
   21  0.00990099
   22  0.00990099
   23  0.00990099
   24  0.00990099
   25  0.00990099
   26  0.00990099
   27  0.00990099
   28  0.00990099
   29  0.00990099
   30  0.00990099
   31  0.00990099
   32  0.00990099
   33  0.00990099
   34  0.00990099
   35  0.00990099
   36  0.00990099
   37  0.00990099
   38  0.00990099
   39  0.00990099
   40  0.00990099
   41  0.00990099
   42  0.00990099
   43  0.00990099
   44  0.00990099
   45  0.00990099
   46  0.00990099
   47  0.00990099
   48  0.00990099
   49  0.00990099
   50  0.00990099
   51  0.00990099
   52  0.00990099
   53  0.00990099
   54  0.00990099
   55  0.00990099
   56  0.00990099
   57  0.00990099
   58  0.00990099
   59  0.00990099
   60  0.00990099
   61  0.00990099
   62  0.00990099
   63  0.00990099
   64  0.00990099
   65  0.00990099
   66  0.00990099
   67  0.00990099
   68  0.00990099
   69  0.00990099
   70  0.00990099
   71  0.00990099
   72  0.00990099
   73  0.00990099
   74  0.00990099
   75  0.00990099
   76  0.00990099
   77  0.00990099
   78  0.00990099
   79  0.00990099
   80  0.00990099
   81  0.00990099
   82  0.00990099
   83  0.00990099
   84  0.00990099
   85  0.00990099
   86  0.00990099
   87  0.00990099
   88  0.00990099
   89  0.00990099
   90  0.00990099
   91  0.00990099
   92  0.00990099
   93  0.00990099
   94  0.00990099
   95  0.00990099
   96  0.00990099
   97  0.00990099
   98  0.00990099
   99  0.00990099
   100  0.00990099
   101  0.00990099
 ;

# ^^^ 'OP02_dat.txt' file ^^^^^^^^^^^^^^^^^^^^^^^^^^^

