# vvv 'OP02_dat.txt' vvvvvvvvvvvvvvvvvvvvvvvv
 param T1 := 100;
 param T2 := 101;

 param w_1 := 
   1  0.666667
   2  0.686665
   3  0.706254
   4  0.725436
   5  0.74421
   6  0.762575
   7  0.780533
   8  0.798082
   9  0.815223
   10  0.831956
   11  0.848281
   12  0.864198
   13  0.879706
   14  0.894807
   15  0.909499
   16  0.923783
   17  0.937659
   18  0.951127
   19  0.964187
   20  0.976839
   21  0.989083
   22  1.00092
   23  1.01235
   24  1.02336
   25  1.03398
   26  1.04418
   27  1.05397
   28  1.06336
   29  1.07234
   30  1.08091
   31  1.08907
   32  1.09683
   33  1.10417
   34  1.11111
   35  1.11764
   36  1.12376
   37  1.12948
   38  1.13478
   39  1.13968
   40  1.14417
   41  1.14825
   42  1.15192
   43  1.15519
   44  1.15805
   45  1.16049
   46  1.16253
   47  1.16417
   48  1.16539
   49  1.16621
   50  1.16662
   51  1.16662
   52  1.16621
   53  1.16539
   54  1.16417
   55  1.16253
   56  1.16049
   57  1.15805
   58  1.15519
   59  1.15192
   60  1.14825
   61  1.14417
   62  1.13968
   63  1.13478
   64  1.12948
   65  1.12376
   66  1.11764
   67  1.11111
   68  1.10417
   69  1.09683
   70  1.08907
   71  1.08091
   72  1.07234
   73  1.06336
   74  1.05397
   75  1.04418
   76  1.03398
   77  1.02336
   78  1.01235
   79  1.00092
   80  0.989083
   81  0.976839
   82  0.964187
   83  0.951127
   84  0.937659
   85  0.923783
   86  0.909499
   87  0.894807
   88  0.879706
   89  0.864198
   90  0.848281
   91  0.831956
   92  0.815223
   93  0.798082
   94  0.780533
   95  0.762575
   96  0.74421
   97  0.725436
   98  0.706254
   99  0.686665
   100  0.666667
 ;

 param w_2 := 
   1  1.16667
   2  1.17154
   3  1.17617
   4  1.18054
   5  1.18467
   6  1.18854
   7  1.19217
   8  1.19554
   9  1.19867
   10  1.20154
   11  1.20417
   12  1.20654
   13  1.20867
   14  1.21054
   15  1.21217
   16  1.21354
   17  1.21467
   18  1.21554
   19  1.21617
   20  1.21654
   21  1.21667
   22  1.21654
   23  1.21617
   24  1.21554
   25  1.21467
   26  1.21354
   27  1.21217
   28  1.21054
   29  1.20867
   30  1.20654
   31  1.20417
   32  1.20154
   33  1.19867
   34  1.19554
   35  1.19217
   36  1.18854
   37  1.18467
   38  1.18054
   39  1.17617
   40  1.17154
   41  1.16667
   42  1.16154
   43  1.15617
   44  1.15054
   45  1.14467
   46  1.13854
   47  1.13217
   48  1.12554
   49  1.11867
   50  1.11154
   51  1.10417
   52  1.09654
   53  1.08867
   54  1.08054
   55  1.07217
   56  1.06354
   57  1.05467
   58  1.04554
   59  1.03617
   60  1.02654
   61  1.01667
   62  1.00654
   63  0.996167
   64  0.985542
   65  0.974667
   66  0.963542
   67  0.952167
   68  0.940542
   69  0.928667
   70  0.916542
   71  0.904167
   72  0.891542
   73  0.878667
   74  0.865542
   75  0.852167
   76  0.838542
   77  0.824667
   78  0.810542
   79  0.796167
   80  0.781542
   81  0.766667
   82  0.751542
   83  0.736167
   84  0.720542
   85  0.704667
   86  0.688542
   87  0.672167
   88  0.655542
   89  0.638667
   90  0.621542
   91  0.604167
   92  0.586542
   93  0.568667
   94  0.550542
   95  0.532167
   96  0.513542
   97  0.494667
   98  0.475542
   99  0.456167
   100  0.436542
   101  0.416667
 ;

 param f_1 := 
   1  0.01
   2  0.01
   3  0.01
   4  0.01
   5  0.01
   6  0.01
   7  0.01
   8  0.01
   9  0.01
   10  0.01
   11  0.01
   12  0.01
   13  0.01
   14  0.01
   15  0.01
   16  0.01
   17  0.01
   18  0.01
   19  0.01
   20  0.01
   21  0.01
   22  0.01
   23  0.01
   24  0.01
   25  0.01
   26  0.01
   27  0.01
   28  0.01
   29  0.01
   30  0.01
   31  0.01
   32  0.01
   33  0.01
   34  0.01
   35  0.01
   36  0.01
   37  0.01
   38  0.01
   39  0.01
   40  0.01
   41  0.01
   42  0.01
   43  0.01
   44  0.01
   45  0.01
   46  0.01
   47  0.01
   48  0.01
   49  0.01
   50  0.01
   51  0.01
   52  0.01
   53  0.01
   54  0.01
   55  0.01
   56  0.01
   57  0.01
   58  0.01
   59  0.01
   60  0.01
   61  0.01
   62  0.01
   63  0.01
   64  0.01
   65  0.01
   66  0.01
   67  0.01
   68  0.01
   69  0.01
   70  0.01
   71  0.01
   72  0.01
   73  0.01
   74  0.01
   75  0.01
   76  0.01
   77  0.01
   78  0.01
   79  0.01
   80  0.01
   81  0.01
   82  0.01
   83  0.01
   84  0.01
   85  0.01
   86  0.01
   87  0.01
   88  0.01
   89  0.01
   90  0.01
   91  0.01
   92  0.01
   93  0.01
   94  0.01
   95  0.01
   96  0.01
   97  0.01
   98  0.01
   99  0.01
   100  0.01
 ;

 param f_2 := 
   1  0.00990099
   2  0.00990099
   3  0.00990099
   4  0.00990099
   5  0.00990099
   6  0.00990099
   7  0.00990099
   8  0.00990099
   9  0.00990099
   10  0.00990099
   11  0.00990099
   12  0.00990099
   13  0.00990099
   14  0.00990099
   15  0.00990099
   16  0.00990099
   17  0.00990099
   18  0.00990099
   19  0.00990099
   20  0.00990099
   21  0.00990099
   22  0.00990099
   23  0.00990099
   24  0.00990099
   25  0.00990099
   26  0.00990099
   27  0.00990099
   28  0.00990099
   29  0.00990099
   30  0.00990099
   31  0.00990099
   32  0.00990099
   33  0.00990099
   34  0.00990099
   35  0.00990099
   36  0.00990099
   37  0.00990099
   38  0.00990099
   39  0.00990099
   40  0.00990099
   41  0.00990099
   42  0.00990099
   43  0.00990099
   44  0.00990099
   45  0.00990099
   46  0.00990099
   47  0.00990099
   48  0.00990099
   49  0.00990099
   50  0.00990099
   51  0.00990099
   52  0.00990099
   53  0.00990099
   54  0.00990099
   55  0.00990099
   56  0.00990099
   57  0.00990099
   58  0.00990099
   59  0.00990099
   60  0.00990099
   61  0.00990099
   62  0.00990099
   63  0.00990099
   64  0.00990099
   65  0.00990099
   66  0.00990099
   67  0.00990099
   68  0.00990099
   69  0.00990099
   70  0.00990099
   71  0.00990099
   72  0.00990099
   73  0.00990099
   74  0.00990099
   75  0.00990099
   76  0.00990099
   77  0.00990099
   78  0.00990099
   79  0.00990099
   80  0.00990099
   81  0.00990099
   82  0.00990099
   83  0.00990099
   84  0.00990099
   85  0.00990099
   86  0.00990099
   87  0.00990099
   88  0.00990099
   89  0.00990099
   90  0.00990099
   91  0.00990099
   92  0.00990099
   93  0.00990099
   94  0.00990099
   95  0.00990099
   96  0.00990099
   97  0.00990099
   98  0.00990099
   99  0.00990099
   100  0.00990099
   101  0.00990099
 ;

# ^^^ 'OP02_dat.txt' file ^^^^^^^^^^^^^^^^^^^^^^^^^^^

